packet_no,packet_size,protocol,source_port,destination_port,source_host,destination_host,traffic_direction_type
1,76,dns,8818,53,10.215.173.1,10.215.173.2,inbound
2,60,tcp,49560,853,192.168.1.122,10.215.173.2,inbound
3,108,dns,53,8818,10.215.173.2,10.215.173.1,inbound
4,60,tcp,46590,443,10.215.173.1,54.237.36.4,outbound
5,72,dns,12236,53,10.215.173.1,10.215.173.2,inbound
6,79,dns,52878,53,10.215.173.1,10.215.173.2,inbound
7,61,dns,23369,53,10.215.173.1,10.215.173.2,inbound
8,48,tcp,443,46590,54.237.36.4,10.215.173.1,inbound
9,201,dns,53,12236,10.215.173.2,10.215.173.1,inbound
10,219,dns,53,52878,10.215.173.2,10.215.173.1,inbound
11,40,tcp,46590,443,10.215.173.1,54.237.36.4,outbound
12,557,tls,46590,443,10.215.173.1,54.237.36.4,outbound
13,40,tcp,443,46590,54.237.36.4,10.215.173.1,inbound
14,265,dns,53,23369,10.215.173.2,10.215.173.1,inbound
15,60,tcp,46816,443,10.215.173.1,54.201.190.7,outbound
16,60,tcp,38346,443,10.215.173.1,52.43.148.200,outbound
17,60,tcp,41304,443,10.215.173.1,35.80.159.121,outbound
18,48,tcp,443,46816,54.201.190.7,10.215.173.1,inbound
19,40,tcp,46816,443,10.215.173.1,54.201.190.7,outbound
20,557,tls,46816,443,10.215.173.1,54.201.190.7,outbound
21,40,tcp,443,46816,54.201.190.7,10.215.173.1,inbound
22,48,tcp,443,38346,52.43.148.200,10.215.173.1,inbound
23,40,tcp,38346,443,10.215.173.1,52.43.148.200,outbound
24,557,tls,38346,443,10.215.173.1,52.43.148.200,outbound
25,60,tcp,38356,443,10.215.173.1,52.43.148.200,outbound
26,74,dns,34848,53,10.215.173.1,10.215.173.2,inbound
27,60,tcp,38364,443,10.215.173.1,52.43.148.200,outbound
28,60,tcp,38366,443,10.215.173.1,52.43.148.200,outbound
29,60,tcp,41308,443,10.215.173.1,35.80.159.121,outbound
30,60,tcp,41314,443,10.215.173.1,35.80.159.121,outbound
31,81,dns,41485,53,10.215.173.1,10.215.173.2,inbound
32,202,tls,443,46590,54.237.36.4,10.215.173.1,inbound
33,40,tcp,443,38346,52.43.148.200,10.215.173.1,inbound
34,48,tcp,443,41304,35.80.159.121,10.215.173.1,inbound
35,185,dns,53,34848,10.215.173.2,10.215.173.1,inbound
36,40,tcp,46590,443,10.215.173.1,54.237.36.4,outbound
37,91,tls,46590,443,10.215.173.1,54.237.36.4,outbound
38,40,tcp,41304,443,10.215.173.1,35.80.159.121,outbound
39,557,tls,41304,443,10.215.173.1,35.80.159.121,outbound
40,40,tcp,443,46590,54.237.36.4,10.215.173.1,inbound
41,40,tcp,443,41304,35.80.159.121,10.215.173.1,inbound
42,197,dns,53,41485,10.215.173.2,10.215.173.1,inbound
43,4919,tls,46590,443,10.215.173.1,54.237.36.4,outbound
44,60,tcp,46034,443,10.215.173.1,44.229.105.13,outbound
45,60,tcp,46044,443,10.215.173.1,44.229.105.13,outbound
46,60,tcp,39822,443,10.215.173.1,52.40.41.84,outbound
47,60,tcp,46060,443,10.215.173.1,44.229.105.13,outbound
48,60,tcp,46064,443,10.215.173.1,44.229.105.13,outbound
49,40,tcp,443,46590,54.237.36.4,10.215.173.1,inbound
50,3462,tls,443,46816,54.201.190.7,10.215.173.1,inbound
51,40,tcp,46816,443,10.215.173.1,54.201.190.7,outbound
52,166,tls,46816,443,10.215.173.1,54.201.190.7,outbound
53,40,tcp,443,46816,54.201.190.7,10.215.173.1,inbound
54,48,tcp,443,38356,52.43.148.200,10.215.173.1,inbound
55,40,tcp,38356,443,10.215.173.1,52.43.148.200,outbound
56,557,tls,38356,443,10.215.173.1,52.43.148.200,outbound
57,40,tcp,443,38356,52.43.148.200,10.215.173.1,inbound
58,66,dns,18052,53,10.215.173.1,10.215.173.2,inbound
59,48,tcp,443,38364,52.43.148.200,10.215.173.1,inbound
60,40,tcp,38364,443,10.215.173.1,52.43.148.200,outbound
61,557,tls,38364,443,10.215.173.1,52.43.148.200,outbound
62,40,tcp,443,38364,52.43.148.200,10.215.173.1,inbound
63,269,dns,53,18052,10.215.173.2,10.215.173.1,inbound
64,48,tcp,443,38366,52.43.148.200,10.215.173.1,inbound
65,40,tcp,38366,443,10.215.173.1,52.43.148.200,outbound
66,557,tls,38366,443,10.215.173.1,52.43.148.200,outbound
67,40,tcp,443,38366,52.43.148.200,10.215.173.1,inbound
68,60,tcp,37478,443,10.215.173.1,151.101.41.208,outbound
69,48,tcp,443,41308,35.80.159.121,10.215.173.1,inbound
70,40,tcp,41308,443,10.215.173.1,35.80.159.121,outbound
71,48,tcp,443,41314,35.80.159.121,10.215.173.1,inbound
72,40,tcp,41314,443,10.215.173.1,35.80.159.121,outbound
73,557,tls,41308,443,10.215.173.1,35.80.159.121,outbound
74,40,tcp,443,41308,35.80.159.121,10.215.173.1,inbound
75,557,tls,41314,443,10.215.173.1,35.80.159.121,outbound
76,40,tcp,443,41314,35.80.159.121,10.215.173.1,inbound
77,3462,tls,443,38346,52.43.148.200,10.215.173.1,inbound
78,40,tcp,38346,443,10.215.173.1,52.43.148.200,outbound
79,48,tcp,443,37478,151.101.41.208,10.215.173.1,inbound
80,40,tcp,37478,443,10.215.173.1,151.101.41.208,outbound
81,557,tls,37478,443,10.215.173.1,151.101.41.208,outbound
82,40,tcp,443,37478,151.101.41.208,10.215.173.1,inbound
83,48,tcp,443,46044,44.229.105.13,10.215.173.1,inbound
84,40,tcp,46044,443,10.215.173.1,44.229.105.13,outbound
85,1592,tls,443,41304,35.80.159.121,10.215.173.1,inbound
86,40,tcp,41304,443,10.215.173.1,35.80.159.121,outbound
87,1892,tls,443,41304,35.80.159.121,10.215.173.1,inbound
88,40,tcp,41304,443,10.215.173.1,35.80.159.121,outbound
89,49,tls,443,41304,35.80.159.121,10.215.173.1,inbound
90,40,tcp,41304,443,10.215.173.1,35.80.159.121,outbound
91,557,tls,46044,443,10.215.173.1,44.229.105.13,outbound
92,40,tcp,443,46044,44.229.105.13,10.215.173.1,inbound
93,166,tls,38346,443,10.215.173.1,52.43.148.200,outbound
94,40,tcp,443,38346,52.43.148.200,10.215.173.1,inbound
95,48,tcp,443,46034,44.229.105.13,10.215.173.1,inbound
96,40,tcp,46034,443,10.215.173.1,44.229.105.13,outbound
97,557,tls,46034,443,10.215.173.1,44.229.105.13,outbound
98,40,tcp,443,46034,44.229.105.13,10.215.173.1,inbound
99,48,tcp,443,46060,44.229.105.13,10.215.173.1,inbound
100,40,tcp,46060,443,10.215.173.1,44.229.105.13,outbound
101,48,tcp,443,39822,52.40.41.84,10.215.173.1,inbound
102,48,tcp,443,46064,44.229.105.13,10.215.173.1,inbound
103,40,tcp,39822,443,10.215.173.1,52.40.41.84,outbound
104,40,tcp,46064,443,10.215.173.1,44.229.105.13,outbound
105,196,tls,443,37478,151.101.41.208,10.215.173.1,inbound
106,40,tcp,37478,443,10.215.173.1,151.101.41.208,outbound
107,280,tls,443,46816,54.201.190.7,10.215.173.1,inbound
108,557,tls,46060,443,10.215.173.1,44.229.105.13,outbound
109,40,tcp,443,46060,44.229.105.13,10.215.173.1,inbound
110,557,tls,46064,443,10.215.173.1,44.229.105.13,outbound
111,91,tls,37478,443,10.215.173.1,151.101.41.208,outbound
112,557,tls,39822,443,10.215.173.1,52.40.41.84,outbound
113,166,tls,41304,443,10.215.173.1,35.80.159.121,outbound
114,40,tcp,443,41304,35.80.159.121,10.215.173.1,inbound
115,3115,tls,443,38356,52.43.148.200,10.215.173.1,inbound
116,40,tcp,443,39822,52.40.41.84,10.215.173.1,inbound
117,40,tcp,443,46064,44.229.105.13,10.215.173.1,inbound
118,40,tcp,443,37478,151.101.41.208,10.215.173.1,inbound
119,40,tcp,38356,443,10.215.173.1,52.43.148.200,outbound
120,93,tls,46816,443,10.215.173.1,54.201.190.7,outbound
121,1396,tls,37478,443,10.215.173.1,151.101.41.208,outbound
122,40,tcp,443,46816,54.201.190.7,10.215.173.1,inbound
123,387,tls,443,38356,52.43.148.200,10.215.173.1,inbound
124,40,tcp,443,37478,151.101.41.208,10.215.173.1,inbound
125,678,tls,46816,443,10.215.173.1,54.201.190.7,outbound
126,40,tcp,38356,443,10.215.173.1,52.43.148.200,outbound
127,166,tls,38356,443,10.215.173.1,52.43.148.200,outbound
128,40,tcp,443,46816,54.201.190.7,10.215.173.1,inbound
129,40,tcp,443,38356,52.43.148.200,10.215.173.1,inbound
130,3462,tls,443,38364,52.43.148.200,10.215.173.1,inbound
131,40,tcp,38364,443,10.215.173.1,52.43.148.200,outbound
132,166,tls,38364,443,10.215.173.1,52.43.148.200,outbound
133,40,tcp,443,38364,52.43.148.200,10.215.173.1,inbound
134,3462,tls,443,38366,52.43.148.200,10.215.173.1,inbound
135,40,tcp,38366,443,10.215.173.1,52.43.148.200,outbound
136,3453,tls,443,41308,35.80.159.121,10.215.173.1,inbound
137,40,tcp,41308,443,10.215.173.1,35.80.159.121,outbound
138,3453,tls,443,41314,35.80.159.121,10.215.173.1,inbound
139,166,tls,38366,443,10.215.173.1,52.43.148.200,outbound
140,40,tcp,41314,443,10.215.173.1,35.80.159.121,outbound
141,40,tcp,443,38366,52.43.148.200,10.215.173.1,inbound
142,166,tls,41314,443,10.215.173.1,35.80.159.121,outbound
143,40,tcp,443,41314,35.80.159.121,10.215.173.1,inbound
144,166,tls,41308,443,10.215.173.1,35.80.159.121,outbound
145,40,tcp,443,41308,35.80.159.121,10.215.173.1,inbound
146,280,tls,443,38346,52.43.148.200,10.215.173.1,inbound
147,3115,tls,443,46044,44.229.105.13,10.215.173.1,inbound
148,93,tls,38346,443,10.215.173.1,52.43.148.200,outbound
149,40,tcp,46044,443,10.215.173.1,44.229.105.13,outbound
150,40,tcp,443,38346,52.43.148.200,10.215.173.1,inbound
151,794,tls,38346,443,10.215.173.1,52.43.148.200,outbound
152,40,tcp,443,38346,52.43.148.200,10.215.173.1,inbound
153,387,tls,443,46044,44.229.105.13,10.215.173.1,inbound
154,40,tcp,46044,443,10.215.173.1,44.229.105.13,outbound
155,166,tls,46044,443,10.215.173.1,44.229.105.13,outbound
156,3049,tls,443,46034,44.229.105.13,10.215.173.1,inbound
157,40,tcp,443,46044,44.229.105.13,10.215.173.1,inbound
158,40,tcp,46034,443,10.215.173.1,44.229.105.13,outbound
159,453,tls,443,46034,44.229.105.13,10.215.173.1,inbound
160,40,tcp,46034,443,10.215.173.1,44.229.105.13,outbound
161,253,tls,443,46590,54.237.36.4,10.215.173.1,inbound
162,166,tls,46034,443,10.215.173.1,44.229.105.13,outbound
163,40,tcp,443,46034,44.229.105.13,10.215.173.1,inbound
164,3462,tls,443,46060,44.229.105.13,10.215.173.1,inbound
165,40,tcp,46060,443,10.215.173.1,44.229.105.13,outbound
166,211,tls,443,41304,35.80.159.121,10.215.173.1,inbound
167,872,tls,41304,443,10.215.173.1,35.80.159.121,outbound
168,40,tcp,443,41304,35.80.159.121,10.215.173.1,inbound
169,78,tls,443,46816,54.201.190.7,10.215.173.1,inbound
170,280,tls,443,38356,52.43.148.200,10.215.173.1,inbound
171,93,tls,38356,443,10.215.173.1,52.43.148.200,outbound
172,157,tls,38356,443,10.215.173.1,52.43.148.200,outbound
173,40,tcp,443,38356,52.43.148.200,10.215.173.1,inbound
174,211,tls,38346,443,10.215.173.1,52.43.148.200,outbound
175,40,tcp,443,38346,52.43.148.200,10.215.173.1,inbound
176,40,tcp,443,38356,52.43.148.200,10.215.173.1,inbound
177,166,tls,46060,443,10.215.173.1,44.229.105.13,outbound
178,40,tcp,443,46060,44.229.105.13,10.215.173.1,inbound
179,3115,tls,443,39822,52.40.41.84,10.215.173.1,inbound
180,40,tcp,39822,443,10.215.173.1,52.40.41.84,outbound
181,3462,tls,443,46064,44.229.105.13,10.215.173.1,inbound
182,40,tcp,46064,443,10.215.173.1,44.229.105.13,outbound
183,387,tls,443,39822,52.40.41.84,10.215.173.1,inbound
184,40,tcp,39822,443,10.215.173.1,52.40.41.84,outbound
185,166,tls,39822,443,10.215.173.1,52.40.41.84,outbound
186,40,tcp,443,39822,52.40.41.84,10.215.173.1,inbound
187,166,tls,46064,443,10.215.173.1,44.229.105.13,outbound
188,40,tcp,443,46064,44.229.105.13,10.215.173.1,inbound
189,589,tls,443,46816,54.201.190.7,10.215.173.1,inbound
190,40,tcp,46816,443,10.215.173.1,54.201.190.7,outbound
191,280,tls,443,38364,52.43.148.200,10.215.173.1,inbound
192,93,tls,38364,443,10.215.173.1,52.43.148.200,outbound
193,157,tls,38364,443,10.215.173.1,52.43.148.200,outbound
194,40,tcp,443,38364,52.43.148.200,10.215.173.1,inbound
195,182,tls,38346,443,10.215.173.1,52.43.148.200,outbound
196,40,tcp,443,38346,52.43.148.200,10.215.173.1,inbound
197,40,tcp,443,38364,52.43.148.200,10.215.173.1,inbound
198,160,tls,443,38366,52.43.148.200,10.215.173.1,inbound
199,91,tls,443,38366,52.43.148.200,10.215.173.1,inbound
200,40,tcp,38366,443,10.215.173.1,52.43.148.200,outbound
201,93,tls,38366,443,10.215.173.1,52.43.148.200,outbound
202,109,tls,443,38366,52.43.148.200,10.215.173.1,inbound
203,40,tcp,443,38366,52.43.148.200,10.215.173.1,inbound
204,157,tls,38366,443,10.215.173.1,52.43.148.200,outbound
205,40,tcp,443,38366,52.43.148.200,10.215.173.1,inbound
206,40,tcp,38366,443,10.215.173.1,52.43.148.200,outbound
207,40,tcp,443,38366,52.43.148.200,10.215.173.1,inbound
208,182,tls,38346,443,10.215.173.1,52.43.148.200,outbound
209,40,tcp,443,38346,52.43.148.200,10.215.173.1,inbound
210,160,tls,443,41314,35.80.159.121,10.215.173.1,inbound
211,91,tls,443,41314,35.80.159.121,10.215.173.1,inbound
212,40,tcp,41314,443,10.215.173.1,35.80.159.121,outbound
213,828,tls,41314,443,10.215.173.1,35.80.159.121,outbound
214,211,tls,443,41308,35.80.159.121,10.215.173.1,inbound
215,40,tcp,443,41314,35.80.159.121,10.215.173.1,inbound
216,78,tls,443,38346,52.43.148.200,10.215.173.1,inbound
217,924,tls,41308,443,10.215.173.1,35.80.159.121,outbound
218,40,tcp,443,41308,35.80.159.121,10.215.173.1,inbound
219,280,tls,443,46044,44.229.105.13,10.215.173.1,inbound
220,93,tls,46044,443,10.215.173.1,44.229.105.13,outbound
221,40,tcp,443,46044,44.229.105.13,10.215.173.1,inbound
222,126,tls,46044,443,10.215.173.1,44.229.105.13,outbound
223,40,tcp,443,46044,44.229.105.13,10.215.173.1,inbound
224,593,tls,46044,443,10.215.173.1,44.229.105.13,outbound
225,40,tcp,443,46044,44.229.105.13,10.215.173.1,inbound
226,78,tls,46044,443,10.215.173.1,44.229.105.13,outbound
227,40,tcp,443,46044,44.229.105.13,10.215.173.1,inbound
228,357,tls,443,38346,52.43.148.200,10.215.173.1,inbound
229,40,tcp,38346,443,10.215.173.1,52.43.148.200,outbound
230,40,tcp,46590,443,10.215.173.1,54.237.36.4,outbound
231,280,tls,443,46034,44.229.105.13,10.215.173.1,inbound
232,93,tls,46034,443,10.215.173.1,44.229.105.13,outbound
233,40,tcp,443,46034,44.229.105.13,10.215.173.1,inbound
234,84,tls,46034,443,10.215.173.1,44.229.105.13,outbound
235,40,tcp,443,46034,44.229.105.13,10.215.173.1,inbound
236,82,tls,46034,443,10.215.173.1,44.229.105.13,outbound
237,40,tcp,443,46034,44.229.105.13,10.215.173.1,inbound
238,40,tcp,46034,443,10.215.173.1,44.229.105.13,outbound
239,40,tcp,443,46034,44.229.105.13,10.215.173.1,inbound
240,208,tls,46044,443,10.215.173.1,44.229.105.13,outbound
241,40,tcp,443,46044,44.229.105.13,10.215.173.1,inbound
242,280,tls,443,46060,44.229.105.13,10.215.173.1,inbound
243,355,tls,443,38346,52.43.148.200,10.215.173.1,inbound
244,93,tls,46060,443,10.215.173.1,44.229.105.13,outbound
245,40,tcp,443,46060,44.229.105.13,10.215.173.1,inbound
246,126,tls,46060,443,10.215.173.1,44.229.105.13,outbound
247,40,tcp,443,46060,44.229.105.13,10.215.173.1,inbound
248,71,tls,46060,443,10.215.173.1,44.229.105.13,outbound
249,40,tcp,443,46060,44.229.105.13,10.215.173.1,inbound
250,178,tls,46044,443,10.215.173.1,44.229.105.13,outbound
251,40,tcp,443,46044,44.229.105.13,10.215.173.1,inbound
252,280,tls,443,39822,52.40.41.84,10.215.173.1,inbound
253,280,tls,443,46064,44.229.105.13,10.215.173.1,inbound
254,93,tls,39822,443,10.215.173.1,52.40.41.84,outbound
255,40,tcp,443,39822,52.40.41.84,10.215.173.1,inbound
256,126,tls,39822,443,10.215.173.1,52.40.41.84,outbound
257,40,tcp,443,39822,52.40.41.84,10.215.173.1,inbound
258,606,tls,39822,443,10.215.173.1,52.40.41.84,outbound
259,93,tls,46064,443,10.215.173.1,44.229.105.13,outbound
260,40,tcp,443,39822,52.40.41.84,10.215.173.1,inbound
261,40,tcp,443,46064,44.229.105.13,10.215.173.1,inbound
262,126,tls,46064,443,10.215.173.1,44.229.105.13,outbound
263,40,tcp,443,46064,44.229.105.13,10.215.173.1,inbound
264,71,tls,46064,443,10.215.173.1,44.229.105.13,outbound
265,40,tcp,443,46064,44.229.105.13,10.215.173.1,inbound
266,40,tcp,46064,443,10.215.173.1,44.229.105.13,outbound
267,40,tcp,443,46064,44.229.105.13,10.215.173.1,inbound
268,78,tls,39822,443,10.215.173.1,52.40.41.84,outbound
269,178,tls,46044,443,10.215.173.1,44.229.105.13,outbound
270,40,tcp,443,46044,44.229.105.13,10.215.173.1,inbound
271,40,tcp,443,39822,52.40.41.84,10.215.173.1,inbound
272,319,tls,443,38346,52.43.148.200,10.215.173.1,inbound
273,78,tls,443,38346,52.43.148.200,10.215.173.1,inbound
274,40,tcp,38346,443,10.215.173.1,52.43.148.200,outbound
275,814,tls,443,37478,151.101.41.208,10.215.173.1,inbound
276,357,tls,443,38346,52.43.148.200,10.215.173.1,inbound
277,40,tcp,38346,443,10.215.173.1,52.43.148.200,outbound
278,78,tls,443,46044,44.229.105.13,10.215.173.1,inbound
279,603,tls,443,41304,35.80.159.121,10.215.173.1,inbound
280,425,tls,443,46044,44.229.105.13,10.215.173.1,inbound
281,40,tcp,46044,443,10.215.173.1,44.229.105.13,outbound
282,78,tls,443,46034,44.229.105.13,10.215.173.1,inbound
283,40,tcp,46034,443,10.215.173.1,44.229.105.13,outbound
284,40,tcp,443,46034,44.229.105.13,10.215.173.1,inbound
285,204,tls,46044,443,10.215.173.1,44.229.105.13,outbound
286,40,tcp,443,46044,44.229.105.13,10.215.173.1,inbound
287,78,tls,443,46060,44.229.105.13,10.215.173.1,inbound
288,40,tcp,46060,443,10.215.173.1,44.229.105.13,outbound
289,40,tcp,443,46060,44.229.105.13,10.215.173.1,inbound
290,423,tls,443,46044,44.229.105.13,10.215.173.1,inbound
291,385,tls,443,46044,44.229.105.13,10.215.173.1,inbound
292,40,tcp,46044,443,10.215.173.1,44.229.105.13,outbound
293,78,tls,443,46044,44.229.105.13,10.215.173.1,inbound
294,623,tls,443,41308,35.80.159.121,10.215.173.1,inbound
295,777,tls,443,41314,35.80.159.121,10.215.173.1,inbound
296,78,tls,443,39822,52.40.41.84,10.215.173.1,inbound
297,40,tcp,443,46064,44.229.105.13,10.215.173.1,inbound
298,386,tls,443,46044,44.229.105.13,10.215.173.1,inbound
299,40,tcp,46044,443,10.215.173.1,44.229.105.13,outbound
300,78,tls,443,46044,44.229.105.13,10.215.173.1,inbound
301,308,tls,443,39822,52.40.41.84,10.215.173.1,inbound
302,126,tls,443,39822,52.40.41.84,10.215.173.1,inbound
303,40,tcp,39822,443,10.215.173.1,52.40.41.84,outbound
304,40,tcp,37478,443,10.215.173.1,151.101.41.208,outbound
305,40,tcp,41304,443,10.215.173.1,35.80.159.121,outbound
306,385,tls,443,46044,44.229.105.13,10.215.173.1,inbound
307,40,tcp,46044,443,10.215.173.1,44.229.105.13,outbound
308,78,tls,443,46044,44.229.105.13,10.215.173.1,inbound
309,40,tcp,41308,443,10.215.173.1,35.80.159.121,outbound
310,40,tcp,41314,443,10.215.173.1,35.80.159.121,outbound
311,40,tcp,39822,443,10.215.173.1,52.40.41.84,outbound
312,924,tls,41304,443,10.215.173.1,35.80.159.121,outbound
313,40,tcp,443,41304,35.80.159.121,10.215.173.1,inbound
314,204,tls,46044,443,10.215.173.1,44.229.105.13,outbound
315,40,tcp,443,46044,44.229.105.13,10.215.173.1,inbound
316,211,tls,46044,443,10.215.173.1,44.229.105.13,outbound
317,40,tcp,443,46044,44.229.105.13,10.215.173.1,inbound
318,181,tls,46044,443,10.215.173.1,44.229.105.13,outbound
319,40,tcp,443,46044,44.229.105.13,10.215.173.1,inbound
320,205,tls,38346,443,10.215.173.1,52.43.148.200,outbound
321,40,tcp,443,38346,52.43.148.200,10.215.173.1,inbound
322,203,tls,38346,443,10.215.173.1,52.43.148.200,outbound
323,40,tcp,443,38346,52.43.148.200,10.215.173.1,inbound
324,385,tls,443,46044,44.229.105.13,10.215.173.1,inbound
325,860,tls,41314,443,10.215.173.1,35.80.159.121,outbound
326,40,tcp,443,41314,35.80.159.121,10.215.173.1,inbound
327,74,dns,18916,53,10.215.173.1,10.215.173.2,inbound
328,78,tls,443,46044,44.229.105.13,10.215.173.1,inbound
329,40,tcp,46044,443,10.215.173.1,44.229.105.13,outbound
330,423,tls,443,46044,44.229.105.13,10.215.173.1,inbound
331,90,dns,53,18916,10.215.173.2,10.215.173.1,inbound
332,386,tls,443,46044,44.229.105.13,10.215.173.1,inbound
333,78,tls,443,46044,44.229.105.13,10.215.173.1,inbound
334,40,tcp,46044,443,10.215.173.1,44.229.105.13,outbound
335,60,tcp,48144,443,10.215.173.1,44.227.230.96,outbound
336,357,tls,443,38346,52.43.148.200,10.215.173.1,inbound
337,623,tls,443,41304,35.80.159.121,10.215.173.1,inbound
338,40,tcp,41304,443,10.215.173.1,35.80.159.121,outbound
339,907,tls,41304,443,10.215.173.1,35.80.159.121,outbound
340,40,tcp,443,41304,35.80.159.121,10.215.173.1,inbound
341,40,tcp,46044,443,10.215.173.1,44.229.105.13,outbound
342,465,tls,443,38346,52.43.148.200,10.215.173.1,inbound
343,40,tcp,38346,443,10.215.173.1,52.43.148.200,outbound
344,48,tcp,443,48144,44.227.230.96,10.215.173.1,inbound
345,40,tcp,48144,443,10.215.173.1,44.227.230.96,outbound
346,557,tls,48144,443,10.215.173.1,44.227.230.96,outbound
347,40,tcp,443,48144,44.227.230.96,10.215.173.1,inbound
348,371,tls,38346,443,10.215.173.1,52.43.148.200,outbound
349,40,tcp,443,38346,52.43.148.200,10.215.173.1,inbound
350,3333,tls,443,48144,44.227.230.96,10.215.173.1,inbound
351,40,tcp,48144,443,10.215.173.1,44.227.230.96,outbound
352,47,tls,48144,443,10.215.173.1,44.227.230.96,outbound
353,40,tcp,443,48144,44.227.230.96,10.215.173.1,inbound
354,40,tcp,48144,443,10.215.173.1,44.227.230.96,outbound
355,40,tcp,443,48144,44.227.230.96,10.215.173.1,inbound
356,1326,tls,443,41314,35.80.159.121,10.215.173.1,inbound
357,40,tcp,41314,443,10.215.173.1,35.80.159.121,outbound
358,627,tls,443,41304,35.80.159.121,10.215.173.1,inbound
359,40,tcp,443,48144,44.227.230.96,10.215.173.1,inbound
360,202,tls,38346,443,10.215.173.1,52.43.148.200,outbound
361,40,tcp,443,38346,52.43.148.200,10.215.173.1,inbound
362,62,dns,8145,53,10.215.173.1,10.215.173.2,inbound
363,126,dns,53,8145,10.215.173.2,10.215.173.1,inbound
364,226,tls,38346,443,10.215.173.1,52.43.148.200,outbound
365,40,tcp,443,38346,52.43.148.200,10.215.173.1,inbound
366,60,tcp,46010,443,10.215.173.1,108.139.1.67,inbound
367,990,tls,41304,443,10.215.173.1,35.80.159.121,outbound
368,40,tcp,443,41304,35.80.159.121,10.215.173.1,inbound
369,48,tcp,443,46010,108.139.1.67,10.215.173.1,inbound
370,990,tls,41314,443,10.215.173.1,35.80.159.121,outbound
371,40,tcp,46010,443,10.215.173.1,108.139.1.67,inbound
372,40,tcp,443,41314,35.80.159.121,10.215.173.1,inbound
373,557,tls,46010,443,10.215.173.1,108.139.1.67,inbound
374,40,tcp,443,46010,108.139.1.67,10.215.173.1,inbound
375,2896,tls,443,46010,108.139.1.67,10.215.173.1,inbound
376,40,tcp,46010,443,10.215.173.1,108.139.1.67,inbound
377,1189,tls,443,46010,108.139.1.67,10.215.173.1,inbound
378,40,tcp,46010,443,10.215.173.1,108.139.1.67,inbound
379,104,tls,46010,443,10.215.173.1,108.139.1.67,inbound
380,40,tcp,443,46010,108.139.1.67,10.215.173.1,inbound
381,86,tls,46010,443,10.215.173.1,108.139.1.67,inbound
382,40,tcp,443,46010,108.139.1.67,10.215.173.1,inbound
383,112,tls,46010,443,10.215.173.1,108.139.1.67,inbound
384,40,tcp,443,46010,108.139.1.67,10.215.173.1,inbound
385,345,tls,46010,443,10.215.173.1,108.139.1.67,inbound
386,40,tcp,443,46010,108.139.1.67,10.215.173.1,inbound
387,465,tls,443,38346,52.43.148.200,10.215.173.1,inbound
388,248,tls,443,46010,108.139.1.67,10.215.173.1,inbound
389,71,tls,443,46010,108.139.1.67,10.215.173.1,inbound
390,278,tls,38346,443,10.215.173.1,52.43.148.200,outbound
391,40,tcp,443,38346,52.43.148.200,10.215.173.1,inbound
392,40,tcp,46010,443,10.215.173.1,108.139.1.67,inbound
393,71,tls,46010,443,10.215.173.1,108.139.1.67,inbound
394,40,tcp,443,46010,108.139.1.67,10.215.173.1,inbound
395,354,tls,443,38346,52.43.148.200,10.215.173.1,inbound
396,708,tls,37478,443,10.215.173.1,151.101.41.208,outbound
397,40,tcp,443,37478,151.101.41.208,10.215.173.1,inbound
398,698,tls,443,41304,35.80.159.121,10.215.173.1,inbound
399,698,tls,443,41314,35.80.159.121,10.215.173.1,inbound
400,40,tcp,41314,443,10.215.173.1,35.80.159.121,outbound
401,683,tls,443,46010,108.139.1.67,10.215.173.1,inbound
402,40,tcp,38346,443,10.215.173.1,52.43.148.200,outbound
403,526,tls,443,38346,52.43.148.200,10.215.173.1,inbound
404,40,tcp,38346,443,10.215.173.1,52.43.148.200,outbound
405,200,tls,39822,443,10.215.173.1,52.40.41.84,outbound
406,40,tcp,443,39822,52.40.41.84,10.215.173.1,inbound
407,40,tcp,41304,443,10.215.173.1,35.80.159.121,outbound
408,40,tcp,46010,443,10.215.173.1,108.139.1.67,inbound
409,2936,tls,443,39822,52.40.41.84,10.215.173.1,inbound
410,40,tcp,39822,443,10.215.173.1,52.40.41.84,outbound
411,5832,tcp,443,39822,52.40.41.84,10.215.173.1,inbound
412,40,tcp,39822,443,10.215.173.1,52.40.41.84,outbound
413,614,tls,443,39822,52.40.41.84,10.215.173.1,inbound
414,831,tls,443,37478,151.101.41.208,10.215.173.1,inbound
415,40,tcp,39822,443,10.215.173.1,52.40.41.84,outbound
416,40,tcp,37478,443,10.215.173.1,151.101.41.208,outbound
417,60,dns,46030,53,10.215.173.1,10.215.173.2,inbound
418,170,dns,53,46030,10.215.173.2,10.215.173.1,inbound
419,60,tcp,42718,443,10.215.173.1,34.212.221.7,outbound
420,68,dns,51506,53,10.215.173.1,10.215.173.2,inbound
421,132,dns,53,51506,10.215.173.2,10.215.173.1,inbound
422,60,tcp,40604,443,10.215.173.1,18.155.202.102,outbound
423,48,tcp,443,40604,18.155.202.102,10.215.173.1,inbound
424,40,tcp,40604,443,10.215.173.1,18.155.202.102,outbound
425,48,tcp,443,42718,34.212.221.7,10.215.173.1,inbound
426,40,tcp,42718,443,10.215.173.1,34.212.221.7,outbound
427,557,tls,40604,443,10.215.173.1,18.155.202.102,outbound
428,40,tcp,443,40604,18.155.202.102,10.215.173.1,inbound
429,557,tls,42718,443,10.215.173.1,34.212.221.7,outbound
430,40,tcp,443,42718,34.212.221.7,10.215.173.1,inbound
431,2896,tls,443,40604,18.155.202.102,10.215.173.1,inbound
432,40,tcp,40604,443,10.215.173.1,18.155.202.102,outbound
433,1189,tls,443,40604,18.155.202.102,10.215.173.1,inbound
434,40,tcp,40604,443,10.215.173.1,18.155.202.102,outbound
435,104,tls,40604,443,10.215.173.1,18.155.202.102,outbound
436,40,tcp,443,40604,18.155.202.102,10.215.173.1,inbound
437,86,tls,40604,443,10.215.173.1,18.155.202.102,outbound
438,40,tcp,443,40604,18.155.202.102,10.215.173.1,inbound
439,77,tls,40604,443,10.215.173.1,18.155.202.102,outbound
440,40,tcp,443,40604,18.155.202.102,10.215.173.1,inbound
441,75,tls,40604,443,10.215.173.1,18.155.202.102,outbound
442,40,tcp,443,40604,18.155.202.102,10.215.173.1,inbound
443,943,tls,40604,443,10.215.173.1,18.155.202.102,outbound
444,40,tcp,443,40604,18.155.202.102,10.215.173.1,inbound
445,248,tls,443,40604,18.155.202.102,10.215.173.1,inbound
446,71,tls,40604,443,10.215.173.1,18.155.202.102,outbound
447,40,tcp,443,40604,18.155.202.102,10.215.173.1,inbound
448,71,tls,443,40604,18.155.202.102,10.215.173.1,inbound
449,1607,tls,443,42718,34.212.221.7,10.215.173.1,inbound
450,40,tcp,42718,443,10.215.173.1,34.212.221.7,outbound
451,2363,tls,443,42718,34.212.221.7,10.215.173.1,inbound
452,40,tcp,42718,443,10.215.173.1,34.212.221.7,outbound
453,49,tls,443,42718,34.212.221.7,10.215.173.1,inbound
454,40,tcp,42718,443,10.215.173.1,34.212.221.7,outbound
455,166,tls,42718,443,10.215.173.1,34.212.221.7,outbound
456,40,tcp,443,42718,34.212.221.7,10.215.173.1,inbound
457,40,tcp,40604,443,10.215.173.1,18.155.202.102,outbound
458,211,tls,443,42718,34.212.221.7,10.215.173.1,inbound
459,567,tls,42718,443,10.215.173.1,34.212.221.7,outbound
460,40,tcp,443,42718,34.212.221.7,10.215.173.1,inbound
461,484,tls,443,40604,18.155.202.102,10.215.173.1,inbound
462,40,tcp,40604,443,10.215.173.1,18.155.202.102,outbound
463,71,tls,443,40604,18.155.202.102,10.215.173.1,inbound
464,40,tcp,40604,443,10.215.173.1,18.155.202.102,outbound
465,1399,tls,443,38346,52.43.148.200,10.215.173.1,inbound
466,40,tcp,38346,443,10.215.173.1,52.43.148.200,outbound
467,126,tls,443,38346,52.43.148.200,10.215.173.1,inbound
468,40,tcp,38346,443,10.215.173.1,52.43.148.200,outbound
469,421,tls,443,42718,34.212.221.7,10.215.173.1,inbound
470,40,tcp,42718,443,10.215.173.1,34.212.221.7,outbound
471,60,tcp,49560,853,192.168.1.122,10.215.173.2,inbound
472,567,tls,42718,443,10.215.173.1,34.212.221.7,outbound
473,40,tcp,443,42718,34.212.221.7,10.215.173.1,inbound
474,924,tls,41304,443,10.215.173.1,35.80.159.121,outbound
475,40,tcp,443,41304,35.80.159.121,10.215.173.1,inbound
476,204,tls,46044,443,10.215.173.1,44.229.105.13,outbound
477,40,tcp,443,46044,44.229.105.13,10.215.173.1,inbound
478,194,tls,38346,443,10.215.173.1,52.43.148.200,outbound
479,40,tcp,443,38346,52.43.148.200,10.215.173.1,inbound
480,182,tls,38346,443,10.215.173.1,52.43.148.200,outbound
481,40,tcp,443,38346,52.43.148.200,10.215.173.1,inbound
482,924,tls,41314,443,10.215.173.1,35.80.159.121,outbound
483,40,tcp,443,41314,35.80.159.121,10.215.173.1,inbound
484,828,tls,41308,443,10.215.173.1,35.80.159.121,outbound
485,40,tcp,443,41308,35.80.159.121,10.215.173.1,inbound
486,207,tls,46044,443,10.215.173.1,44.229.105.13,outbound
487,40,tcp,443,46044,44.229.105.13,10.215.173.1,inbound
488,204,tls,46044,443,10.215.173.1,44.229.105.13,outbound
489,40,tcp,443,46044,44.229.105.13,10.215.173.1,inbound
490,185,tls,46044,443,10.215.173.1,44.229.105.13,outbound
491,40,tcp,443,46044,44.229.105.13,10.215.173.1,inbound
492,203,tls,46044,443,10.215.173.1,44.229.105.13,outbound
493,40,tcp,443,46044,44.229.105.13,10.215.173.1,inbound
494,355,tls,443,38346,52.43.148.200,10.215.173.1,inbound
495,40,tcp,38346,443,10.215.173.1,52.43.148.200,outbound
496,357,tls,443,38346,52.43.148.200,10.215.173.1,inbound
497,40,tcp,38346,443,10.215.173.1,52.43.148.200,outbound
498,424,tls,443,46044,44.229.105.13,10.215.173.1,inbound
499,40,tcp,46044,443,10.215.173.1,44.229.105.13,outbound
500,423,tls,443,46044,44.229.105.13,10.215.173.1,inbound
501,40,tcp,46044,443,10.215.173.1,44.229.105.13,outbound
502,623,tls,443,41304,35.80.159.121,10.215.173.1,inbound
503,40,tcp,41304,443,10.215.173.1,35.80.159.121,outbound
504,623,tls,443,41314,35.80.159.121,10.215.173.1,inbound
505,40,tcp,41314,443,10.215.173.1,35.80.159.121,outbound
506,777,tls,443,41308,35.80.159.121,10.215.173.1,inbound
507,40,tcp,41308,443,10.215.173.1,35.80.159.121,outbound
508,204,tls,46044,443,10.215.173.1,44.229.105.13,outbound
509,40,tcp,443,46044,44.229.105.13,10.215.173.1,inbound
510,907,tls,41304,443,10.215.173.1,35.80.159.121,outbound
511,40,tcp,443,41304,35.80.159.121,10.215.173.1,inbound
512,204,tls,38346,443,10.215.173.1,52.43.148.200,outbound
513,40,tcp,443,38346,52.43.148.200,10.215.173.1,inbound
514,357,tls,443,38346,52.43.148.200,10.215.173.1,inbound
515,423,tls,443,46044,44.229.105.13,10.215.173.1,inbound
516,40,tcp,38346,443,10.215.173.1,52.43.148.200,outbound
517,40,tcp,46044,443,10.215.173.1,44.229.105.13,outbound
518,627,tls,443,41304,35.80.159.121,10.215.173.1,inbound
519,226,tls,38346,443,10.215.173.1,52.43.148.200,outbound
520,40,tcp,443,38346,52.43.148.200,10.215.173.1,inbound
521,40,tcp,41304,443,10.215.173.1,35.80.159.121,outbound
522,354,tls,443,38346,52.43.148.200,10.215.173.1,inbound
523,40,tcp,38346,443,10.215.173.1,52.43.148.200,outbound
524,708,tls,37478,443,10.215.173.1,151.101.41.208,outbound
525,40,tcp,443,37478,151.101.41.208,10.215.173.1,inbound
526,421,tls,443,42718,34.212.221.7,10.215.173.1,inbound
527,40,tcp,42718,443,10.215.173.1,34.212.221.7,outbound
528,60,tcp,48156,443,10.215.173.1,44.227.230.96,outbound
529,860,tls,41304,443,10.215.173.1,35.80.159.121,outbound
530,203,tls,38346,443,10.215.173.1,52.43.148.200,outbound
531,40,tcp,443,38346,52.43.148.200,10.215.173.1,inbound
532,40,tcp,443,41304,35.80.159.121,10.215.173.1,inbound
533,860,tls,443,37478,151.101.41.208,10.215.173.1,inbound
534,40,tcp,37478,443,10.215.173.1,151.101.41.208,outbound
535,48,tcp,443,48156,44.227.230.96,10.215.173.1,inbound
536,40,tcp,48156,443,10.215.173.1,44.227.230.96,outbound
537,557,tls,48156,443,10.215.173.1,44.227.230.96,outbound
538,465,tls,443,38346,52.43.148.200,10.215.173.1,inbound
539,40,tcp,443,48156,44.227.230.96,10.215.173.1,inbound
540,40,tcp,38346,443,10.215.173.1,52.43.148.200,outbound
541,201,tls,38346,443,10.215.173.1,52.43.148.200,outbound
542,40,tcp,443,38346,52.43.148.200,10.215.173.1,inbound
543,3333,tls,443,48156,44.227.230.96,10.215.173.1,inbound
544,40,tcp,48156,443,10.215.173.1,44.227.230.96,outbound
545,47,tls,48156,443,10.215.173.1,44.227.230.96,outbound
546,40,tcp,443,48156,44.227.230.96,10.215.173.1,inbound
547,40,tcp,48156,443,10.215.173.1,44.227.230.96,outbound
548,40,tcp,443,48156,44.227.230.96,10.215.173.1,inbound
549,1326,tls,443,41304,35.80.159.121,10.215.173.1,inbound
550,40,tcp,41304,443,10.215.173.1,35.80.159.121,outbound
551,96,tls,46010,443,10.215.173.1,108.139.1.67,inbound
552,40,tcp,443,46010,108.139.1.67,10.215.173.1,inbound
553,202,tls,38346,443,10.215.173.1,52.43.148.200,outbound
554,40,tcp,443,38346,52.43.148.200,10.215.173.1,inbound
555,40,tcp,443,48156,44.227.230.96,10.215.173.1,inbound
556,990,tls,41304,443,10.215.173.1,35.80.159.121,outbound
557,40,tcp,443,41304,35.80.159.121,10.215.173.1,inbound
558,990,tls,41314,443,10.215.173.1,35.80.159.121,outbound
559,40,tcp,443,41314,35.80.159.121,10.215.173.1,inbound
560,465,tls,443,38346,52.43.148.200,10.215.173.1,inbound
561,684,tls,443,46010,108.139.1.67,10.215.173.1,inbound
562,40,tcp,46010,443,10.215.173.1,108.139.1.67,inbound
563,275,tls,38346,443,10.215.173.1,52.43.148.200,outbound
564,40,tcp,443,38346,52.43.148.200,10.215.173.1,inbound
565,698,tls,443,41304,35.80.159.121,10.215.173.1,inbound
566,526,tls,443,38346,52.43.148.200,10.215.173.1,inbound
567,698,tls,443,41314,35.80.159.121,10.215.173.1,inbound
568,40,tcp,41314,443,10.215.173.1,35.80.159.121,outbound
569,200,tls,39822,443,10.215.173.1,52.40.41.84,outbound
570,40,tcp,443,39822,52.40.41.84,10.215.173.1,inbound
571,40,tcp,41304,443,10.215.173.1,35.80.159.121,outbound
572,40,tcp,38346,443,10.215.173.1,52.43.148.200,outbound
573,1488,tls,443,39822,52.40.41.84,10.215.173.1,inbound
574,40,tcp,39822,443,10.215.173.1,52.40.41.84,outbound
575,1488,tcp,443,39822,52.40.41.84,10.215.173.1,inbound
576,40,tcp,39822,443,10.215.173.1,52.40.41.84,outbound
577,2936,tcp,443,39822,52.40.41.84,10.215.173.1,inbound
578,40,tcp,39822,443,10.215.173.1,52.40.41.84,outbound
579,1488,tcp,443,39822,52.40.41.84,10.215.173.1,inbound
580,40,tcp,39822,443,10.215.173.1,52.40.41.84,outbound
581,2063,tls,443,39822,52.40.41.84,10.215.173.1,inbound
582,40,tcp,39822,443,10.215.173.1,52.40.41.84,outbound
583,195,tls,39822,443,10.215.173.1,52.40.41.84,outbound
584,40,tcp,443,39822,52.40.41.84,10.215.173.1,inbound
585,181,tls,38346,443,10.215.173.1,52.43.148.200,outbound
586,40,tcp,443,38346,52.43.148.200,10.215.173.1,inbound
587,860,tls,41304,443,10.215.173.1,35.80.159.121,outbound
588,40,tcp,443,41304,35.80.159.121,10.215.173.1,inbound
589,203,tls,38346,443,10.215.173.1,52.43.148.200,outbound
590,40,tcp,443,38346,52.43.148.200,10.215.173.1,inbound
591,60,tcp,48168,443,10.215.173.1,44.227.230.96,outbound
592,385,tls,443,46044,44.229.105.13,10.215.173.1,inbound
593,40,tcp,46044,443,10.215.173.1,44.229.105.13,outbound
594,78,tls,443,46044,44.229.105.13,10.215.173.1,inbound
595,40,tcp,46044,443,10.215.173.1,44.229.105.13,outbound
596,357,tls,443,38346,52.43.148.200,10.215.173.1,inbound
597,40,tcp,38346,443,10.215.173.1,52.43.148.200,outbound
598,307,tls,443,39822,52.40.41.84,10.215.173.1,inbound
599,40,tcp,39822,443,10.215.173.1,52.40.41.84,outbound
600,126,tls,443,39822,52.40.41.84,10.215.173.1,inbound
601,40,tcp,39822,443,10.215.173.1,52.40.41.84,outbound
602,48,tcp,443,48168,44.227.230.96,10.215.173.1,inbound
603,40,tcp,48168,443,10.215.173.1,44.227.230.96,outbound
604,465,tls,443,38346,52.43.148.200,10.215.173.1,inbound
605,40,tcp,38346,443,10.215.173.1,52.43.148.200,outbound
606,557,tls,48168,443,10.215.173.1,44.227.230.96,outbound
607,40,tcp,443,48168,44.227.230.96,10.215.173.1,inbound
608,560,tls,38346,443,10.215.173.1,52.43.148.200,outbound
609,40,tcp,443,38346,52.43.148.200,10.215.173.1,inbound
610,3333,tls,443,48168,44.227.230.96,10.215.173.1,inbound
611,40,tcp,48168,443,10.215.173.1,44.227.230.96,outbound
612,47,tls,48168,443,10.215.173.1,44.227.230.96,outbound
613,40,tcp,443,48168,44.227.230.96,10.215.173.1,inbound
614,40,tcp,48168,443,10.215.173.1,44.227.230.96,outbound
615,40,tcp,443,48168,44.227.230.96,10.215.173.1,inbound
616,386,tls,443,46044,44.229.105.13,10.215.173.1,inbound
617,40,tcp,46044,443,10.215.173.1,44.229.105.13,outbound
618,1326,tls,443,41304,35.80.159.121,10.215.173.1,inbound
619,40,tcp,41304,443,10.215.173.1,35.80.159.121,outbound
620,1485,tls,443,38346,52.43.148.200,10.215.173.1,inbound
621,40,tcp,443,48168,44.227.230.96,10.215.173.1,inbound
622,96,tls,46010,443,10.215.173.1,108.139.1.67,inbound
623,40,tcp,443,46010,108.139.1.67,10.215.173.1,inbound
624,207,tls,38346,443,10.215.173.1,52.43.148.200,outbound
625,40,tcp,443,38346,52.43.148.200,10.215.173.1,inbound
626,78,tls,443,46044,44.229.105.13,10.215.173.1,inbound
627,40,tcp,46044,443,10.215.173.1,44.229.105.13,outbound
628,685,tls,443,46010,108.139.1.67,10.215.173.1,inbound
629,40,tcp,46010,443,10.215.173.1,108.139.1.67,inbound
630,465,tls,443,38346,52.43.148.200,10.215.173.1,inbound
631,211,tls,46044,443,10.215.173.1,44.229.105.13,outbound
632,40,tcp,443,46044,44.229.105.13,10.215.173.1,inbound
633,207,tls,46044,443,10.215.173.1,44.229.105.13,outbound
634,40,tcp,443,46044,44.229.105.13,10.215.173.1,inbound
635,298,tls,38346,443,10.215.173.1,52.43.148.200,outbound
636,40,tcp,443,38346,52.43.148.200,10.215.173.1,inbound
637,990,tls,41304,443,10.215.173.1,35.80.159.121,outbound
638,40,tcp,443,41304,35.80.159.121,10.215.173.1,inbound
639,990,tls,41314,443,10.215.173.1,35.80.159.121,outbound
640,40,tcp,443,41314,35.80.159.121,10.215.173.1,inbound
641,424,tls,443,46044,44.229.105.13,10.215.173.1,inbound
642,40,tcp,46044,443,10.215.173.1,44.229.105.13,outbound
643,526,tls,443,38346,52.43.148.200,10.215.173.1,inbound
644,423,tls,443,46044,44.229.105.13,10.215.173.1,inbound
645,40,tcp,46044,443,10.215.173.1,44.229.105.13,outbound
646,200,tls,39822,443,10.215.173.1,52.40.41.84,outbound
647,40,tcp,443,39822,52.40.41.84,10.215.173.1,inbound
648,698,tls,443,41314,35.80.159.121,10.215.173.1,inbound
649,40,tcp,41314,443,10.215.173.1,35.80.159.121,outbound
650,40,tcp,38346,443,10.215.173.1,52.43.148.200,outbound
651,698,tls,443,41304,35.80.159.121,10.215.173.1,inbound
652,40,tcp,41304,443,10.215.173.1,35.80.159.121,outbound
653,9304,tls,443,39822,52.40.41.84,10.215.173.1,inbound
654,40,tcp,39822,443,10.215.173.1,52.40.41.84,outbound
655,423,tls,443,46044,44.229.105.13,10.215.173.1,inbound
